39.69821  0.00000  1.02051
39.68415  0.00000  1.02539
39.67009  0.00000  1.01563
39.65603  0.00000  1.02539
39.64197  0.00000  1.02051
39.62791  0.00000  1.02539
39.61385  0.00000  1.02051
39.59979  0.00000  1.02539
39.58573  0.00000  1.02539
39.57167  0.00000  1.02539
39.55760  0.00000  1.02539
39.54354  0.00000  1.03516
39.52948  0.00000  1.02051
39.51542  0.00000  1.02539
39.50136  0.00000  1.02539
39.48730  0.00000  1.02539
39.47324  0.00000  1.02539
39.45918  0.00000  1.02051
39.44512  0.00000  1.02539
39.43106  0.00000  1.00586
39.41699  0.00000  1.05469
39.40293  0.00000  1.02051
39.38887  0.00000  1.02051
39.37481  0.00000  1.02051
39.36075  0.00000  1.02051
39.34669  0.00000  1.02539
39.33263  0.00000  1.02539
39.31857  0.00000  1.02539
39.30451  0.00000  1.02539
39.29045  0.00000  1.02539
39.27639  0.00000  1.02051
39.26232  0.00000  1.02051
39.24826  0.00000  1.02539
39.23420  0.00000  1.02051
39.22014  0.00000  1.02539
39.20608  0.00000  1.02051
39.19202  0.00000  1.02539
39.17796  0.00000  1.02051
39.16390  0.00000  1.03516
39.14984  0.00000  1.02051
39.13578  0.00000  1.02051
39.12171  0.00000  1.02051
39.10765  0.00000  1.02051
39.09359  0.00000  1.02539
39.07953  0.00000  1.02051
39.06547  0.00000  1.02539
39.05141  0.00000  1.02051
39.03735  0.00000  1.02051
39.02329  0.00000  1.02051
39.00923  0.00000  1.02051
38.99517  0.00000  1.02539
38.98110  0.00000  1.02051
38.96704  0.00000  1.02539
38.95298  0.00000  1.02051
38.93892  0.00000  1.02539
38.92486  0.00000  1.01563
38.91080  0.00000  1.02051
38.89674  0.00000  1.01563
38.88268  0.00000  1.01563
38.86862  0.00000  1.02051
38.85456  0.00000  1.01563
38.84049  0.00000  1.02051
38.82643  0.00000  1.01074
38.81237  0.00000  1.02539
38.79831  0.00000  1.02051
38.78425  0.00000  1.02539
38.77019  0.00000  1.02051
38.75613  0.00000  1.01563
38.74207  0.00000  1.01563
38.72801  0.00000  1.01563
38.71395  0.00000  1.02051
38.69989  0.00000  1.01563
38.68582  0.00000  1.02051
38.67176  0.00000  1.02051
38.65770  0.00000  1.02051
38.64364  0.00000  1.02051
38.62958  0.00000  1.02539
38.61552  0.00000  1.02051
38.60146  0.00000  1.01563
38.58740  0.00000  1.02051
38.57334  0.00000  1.02051
38.55928  0.00000  1.03027
38.54521  0.00000  1.01563
38.53115  0.00000  1.02051
38.51709  0.00000  1.02051
38.50303  0.00000  1.02051
38.48897  0.00000  1.02051
38.47491  0.00000  1.01563
38.46085  0.00000  1.02051
38.44679  0.00000  1.01074
38.43273  0.00000  1.01563
38.41867  0.00000  1.01563
38.40460  0.00000  1.01074
38.39054  0.00000  1.01563
38.37648  0.00000  1.02051
38.36242  0.00000  1.02051
38.34836  0.00000  1.02051
38.33430  0.00000  1.01563
38.32024  0.00000  1.01563
38.30618  0.00000  1.02051
38.29212  0.00000  1.01563
38.27806  0.00000  1.02539
38.26399  0.00000  1.02051
38.24993  0.00000  1.02051
38.23587  0.00000  1.01563
38.22181  0.00000  1.01563
38.20775  0.00000  1.01563
38.19369  0.00000  1.02051
38.17963  0.00000  1.02051
38.16557  0.00000  1.02539
38.15151  0.00000  1.02539
38.13745  0.00000  1.01074
38.12339  0.00000  1.01074
38.10932  0.00000  1.02051
38.09526  0.00000  1.01563
38.08120  0.00000  1.01074
38.06714  0.00000  1.01563
38.05308  0.00000  1.02051
38.03902  0.00000  1.01563
38.02496  0.00000  1.02051
38.01090  0.00000  1.03027
37.99684  0.00000  1.02051
37.98278  0.00000  1.01563
37.96871  0.00000  1.01563
37.95465  0.00000  1.02051
37.94059  0.00000  1.01563
37.92653  0.00000  1.02539
37.91247  0.00000  1.01563
37.89841  0.00000  1.02051
37.88435  0.00000  1.01563
37.87029  0.00000  1.02051
37.85623  0.00000  1.02051
37.84217  0.00000  1.02051
37.82810  0.00000  1.01563
37.81404  0.00000  1.00098
37.79998  0.00000  1.01563
37.78592  0.00000  1.01074
37.77186  0.00000  1.01563
37.75780  0.00000  1.01563
37.74374  0.00000  1.01563
37.72968  0.00000  1.01563
37.71562  0.00000  1.02051
37.70156  0.00000  1.01074
37.68750  0.00000  1.01563
37.67343  0.00000  1.02051
37.65937  0.00000  1.01563
37.64531  0.00000  1.02051
37.63125  0.00000  1.01563
37.61719  0.00000  1.01563
37.60313  0.00000  1.01563
37.58907  0.00000  1.02051
37.57501  0.00000  1.02051
37.56095  0.00000  1.01074
37.54689  0.00000  1.01563
37.53282  0.00000  1.01074
37.51876  0.00000  1.02539
37.50470  0.00000  1.01563
37.49064  0.00000  1.02539
37.47658  0.00000  1.01074
37.46252  0.00000  1.02051
37.44846  0.00000  1.01074
37.43440  0.00000  1.01074
37.42034  0.00000  1.01563
37.40628  0.00000  1.01563
37.39221  0.00000  1.02051
37.37815  0.00000  1.01074
37.36409  0.00000  1.01563
37.35003  0.00000  1.01074
37.33597  0.00000  1.01563
37.32191  0.00000  1.01563
37.30785  0.00000  1.01563
37.29379  0.00000  1.01563
37.27973  0.00000  1.02051
37.26567  0.00000  1.01074
37.25160  0.00000  1.01074
37.23754  0.00000  1.02051
37.22348  0.00000  1.01074
37.20942  0.00000  1.02051
37.19536  0.00000  1.01074
37.18130  0.00000  1.01074
37.16724  0.00000  1.01563
37.15318  0.00000  0.99609
37.13912  0.00000  1.01563
37.12506  0.00000  1.00098
37.11100  0.00000  1.02051
37.09693  0.00000  0.98145
37.08287  0.00000  1.01563
37.06881  0.00000  1.01074
37.05475  0.00000  1.01563
37.04069  0.00000  1.00586
37.02663  0.00000  1.01563
37.01257  0.00000  1.01563
36.99851  0.00000  1.00586
36.98445  0.00000  1.00586
36.97039  0.00000  1.00586
36.95632  0.00000  1.02051
36.94226  0.00000  1.01074
36.92820  0.00000  1.01563
36.91414  0.00000  1.01563
36.90008  0.00000  1.01074
36.88602  0.00000  1.01563
36.87196  0.00000  1.01074
36.85790  0.00000  1.01074
36.84384  0.00000  1.00586
36.82978  0.00000  1.01563
36.81571  0.00000  1.02051
36.80165  0.00000  1.01563
36.78759  0.00000  1.01074
36.77353  0.00000  1.01074
36.75947  0.00000  1.04492
36.74541  0.00000  1.00586
36.73135  0.00000  1.01074
36.71729  0.00000  1.01074
36.70323  0.00000  1.01563
36.68917  0.00000  1.00586
36.67510  0.00000  1.02051
36.66104  0.00000  1.01074
36.64698  0.00000  1.01074
36.63292  0.00000  0.98633
36.61886  0.00000  1.00586
36.60480  0.00000  1.01563
36.59074  0.00000  1.01563
36.57668  0.00000  1.01563
36.56262  0.00000  1.00586
36.54856  0.00000  1.01563
36.53450  0.00000  1.01074
36.52043  0.00000  1.01074
36.50637  0.00000  1.01074
36.49231  0.00000  1.01074
36.47825  0.00000  1.01074
36.46419  0.00000  1.00098
36.45013  0.00000  1.04004
36.43607  0.00000  1.01563
36.42201  0.00000  1.01074
36.40795  0.00000  1.00586
36.39389  0.00000  1.03516
36.37982  0.00000  1.00586
36.36576  0.00000  1.00586
36.35170  0.00000  1.01074
36.33764  0.00000  1.00586
36.32358  0.00000  1.01074
36.30952  0.00000  1.01074
36.29546  0.00000  1.01074
36.28140  0.00000  1.01074
36.26734  0.00000  1.00586
36.25328  0.00000  1.00586
36.23921  0.00000  1.00586
36.22515  0.00000  1.01074
36.21109  0.00000  1.00098
36.19703  0.00000  1.01074
36.18297  0.00000  1.00586
36.16891  0.00000  1.01074
36.15485  0.00000  1.00586
36.14079  0.00000  1.01563
36.12673  0.00000  1.00586
36.11267  0.00000  1.01563
36.09860  0.00000  1.02051
36.08454  0.00000  1.00586
36.07048  0.00000  1.01074
36.05642  0.00000  1.03027
36.04236  0.00000  1.01563
36.02830  0.00000  1.00586
36.01424  0.00000  1.01074
36.00018  0.00000  1.00586
35.98612  0.00000  1.01074
35.97206  0.00000  1.01563
35.95800  0.00000  1.00586
35.94393  0.00000  1.01563
35.92987  0.00000  1.00586
35.91581  0.00000  1.01074
35.90175  0.00000  1.00098
35.88769  0.00000  1.01074
35.87363  0.00000  0.99121
35.85957  0.00000  1.00586
35.84551  0.00000  1.01074
35.83145  0.00000  1.00586
35.81739  0.00000  1.00586
35.80332  0.00000  1.00098
35.78926  0.00000  1.01074
35.77520  0.00000  0.99609
35.76114  0.00000  1.01563
35.74708  0.00000  0.97656
35.73302  0.00000  1.00586
35.71896  0.00000  1.00586
35.70490  0.00000  1.00586
35.69084  0.00000  1.00586
35.67678  0.00000  1.00098
35.66271  0.00000  1.01074
35.64865  0.00000  1.00586
35.63459  0.00000  1.01074
35.62053  0.00000  1.00098
35.60647  0.00000  0.99609
35.59241  0.00000  1.00586
35.57835  0.00000  1.00098
35.56429  0.00000  1.00586
35.55023  0.00000  1.00098
35.53617  0.00000  1.01074
35.52210  0.00000  1.00098
35.50804  0.00000  1.01074
35.49398  0.00000  1.00098
35.47992  0.00000  1.01074
35.46586  0.00000  1.00098
35.45180  0.00000  1.00586
35.43774  0.00000  1.00586
35.42368  0.00000  1.00586
35.40962  0.00000  1.00586
35.39556  0.00000  1.00098
35.38150  0.00000  1.00586
35.36743  0.00000  1.00586
35.35337  0.00000  1.01563
35.33931  0.00000  0.99609
35.32525  0.00000  1.01563
35.31119  0.00000  1.00586
35.29713  0.00000  1.00098
35.28307  0.00000  1.00098
35.26901  0.00000  1.00098
35.25495  0.00000  1.01074
35.24089  0.00000  1.00098
35.22682  0.00000  1.00586
35.21276  0.00000  1.00098
35.19870  0.00000  1.01074
35.18464  0.00000  1.00586
35.17058  0.00000  0.99609
35.15652  0.00000  1.00586
35.14246  0.00000  1.00098
35.12840  0.00000  1.00586
35.11434  0.00000  0.99609
35.10028  0.00000  1.01074
35.08621  0.00000  1.00098
35.07215  0.00000  0.99121
35.05809  0.00000  1.00098
35.04403  0.00000  1.00586
35.02997  0.00000  0.99121
35.01591  0.00000  1.00098
35.00185  0.00000  1.00098
34.98779  0.00000  1.00098
34.97373  0.00000  1.00586
34.95967  0.00000  0.99609
34.94561  0.00000  1.04004
34.93154  0.00000  0.99609
34.91748  0.00000  1.00586
34.90342  0.00000  1.00098
34.88936  0.00000  0.99609
34.87530  0.00000  1.00586
34.86124  0.00000  1.00098
34.84718  0.00000  1.00098
34.83312  0.00000  1.00098
34.81906  0.00000  1.00586
34.80500  0.00000  0.99609
34.79093  0.00000  1.00586
34.77687  0.00000  0.99609
34.76281  0.00000  1.00098
34.74875  0.00000  1.00586
34.73469  0.00000  0.99609
34.72063  0.00000  1.00586
34.70657  0.00000  0.99121
34.69251  0.00000  1.00586
34.67845  0.00000  0.99609
34.66439  0.00000  1.01074
34.65032  0.00000  0.99609
34.63626  0.00000  1.00098
34.62220  0.00000  0.99609
34.60814  0.00000  1.03516
34.59408  0.00000  1.00098
34.58002  0.00000  0.99121
34.56596  0.00000  1.00098
34.55190  0.00000  1.00098
34.53784  0.00000  1.00586
34.52378  0.00000  0.99609
34.50971  0.00000  1.01074
34.49565  0.00000  1.00098
34.48159  0.00000  1.00586
34.46753  0.00000  1.00586
34.45347  0.00000  0.99121
34.43941  0.00000  1.01074
34.42535  0.00000  1.00586
34.41129  0.00000  1.01074
34.39723  0.00000  0.99609
34.38317  0.00000  1.00098
34.36911  0.00000  1.00098
34.35504  0.00000  1.00586
34.34098  0.00000  1.00098
34.32692  0.00000  0.99121
34.31286  0.00000  1.00586
34.29880  0.00000  0.99121
34.28474  0.00000  1.01074
34.27068  0.00000  0.99609
34.25662  0.00000  1.00586
34.24256  0.00000  0.99609
34.22850  0.00000  0.99121
34.21443  0.00000  1.00098
34.20037  0.00000  0.99609
34.18631  0.00000  1.00098
34.17225  0.00000  0.99609
34.15819  0.00000  1.00098
34.14413  0.00000  0.99609
34.13007  0.00000  1.00098
34.11601  0.00000  0.98145
34.10195  0.00000  1.00586
34.08789  0.00000  0.99609
34.07382  0.00000  1.00098
34.05976  0.00000  1.00098
34.04570  0.00000  0.99609
34.03164  0.00000  1.00586
34.01758  0.00000  0.99121
34.00352  0.00000  1.00586
33.98946  0.00000  0.99609
33.97540  0.00000  1.00098
33.96134  0.00000  1.00098
33.94728  0.00000  0.99609
33.93321  0.00000  1.00098
33.91915  0.00000  0.99609
33.90509  0.00000  0.99609
33.89103  0.00000  0.99121
33.87697  0.00000  1.00098
33.86291  0.00000  0.99121
33.84885  0.00000  1.00586
33.83479  0.00000  0.99609
33.82073  0.00000  1.00098
33.80667  0.00000  1.00098
33.79261  0.00000  0.99121
33.77854  0.00000  1.01074
33.76448  0.00000  0.99121
33.75042  0.00000  0.99609
33.73636  0.00000  0.99121
33.72230  0.00000  1.00098
33.70824  0.00000  0.99121
33.69418  0.00000  1.00098
33.68012  0.00000  0.99121
33.66606  0.00000  0.99121
33.65200  0.00000  1.00098
33.63793  0.00000  0.99609
33.62387  0.00000  1.00098
33.60981  0.00000  0.98633
33.59575  0.00000  1.00098
33.58169  0.00000  0.99609
33.56763  0.00000  1.00586
33.55357  0.00000  0.99121
33.53951  0.00000  0.99609
33.52545  0.00000  0.99609
33.51139  0.00000  0.99121
33.49732  0.00000  0.99609
33.48326  0.00000  0.98633
33.46920  0.00000  1.00586
33.45514  0.00000  0.97656
33.44108  0.00000  1.00586
33.42702  0.00000  0.99121
33.41296  0.00000  0.99609
33.39890  0.00000  0.99609
33.38484  0.00000  0.98633
33.37078  0.00000  0.99609
33.35671  0.00000  0.99121
33.34265  0.00000  1.00098
33.32859  0.00000  0.98633
33.31453  0.00000  1.00098
33.30047  0.00000  0.99609
33.28641  0.00000  0.99609
33.27235  0.00000  0.99609
33.25829  0.00000  0.99121
33.24423  0.00000  0.99609
33.23017  0.00000  0.98633
33.21611  0.00000  0.99121
33.20204  0.00000  0.98633
33.18798  0.00000  0.99609
33.17392  0.00000  0.99121
33.15986  0.00000  0.99609
33.14580  0.00000  0.99609
33.13174  0.00000  0.99121
33.11768  0.00000  0.99609
33.10362  0.00000  0.98633
33.08956  0.00000  1.00098
33.07550  0.00000  0.99121
33.06143  0.00000  0.99609
33.04737  0.00000  0.99121
33.03331  0.00000  0.99609
33.01925  0.00000  0.99121
33.00519  0.00000  0.99609
32.99113  0.00000  1.00098
32.97707  0.00000  0.98633
32.96301  0.00000  0.99609
32.94895  0.00000  0.98145
32.93489  0.00000  1.00098
32.92082  0.00000  0.98633
32.90676  0.00000  0.99609
32.89270  0.00000  0.99609
32.87864  0.00000  0.99121
32.86458  0.00000  0.99121
32.85052  0.00000  0.98633
32.83646  0.00000  0.99609
32.82240  0.00000  0.98633
32.80834  0.00000  0.99609
32.79428  0.00000  0.98633
32.78022  0.00000  0.98633
32.76615  0.00000  0.98145
32.75209  0.00000  0.99609
32.73803  0.00000  0.99121
32.72397  0.00000  0.98633
32.70991  0.00000  0.98633
32.69585  0.00000  0.98633
32.68179  0.00000  0.99609
32.66773  0.00000  0.98145
32.65367  0.00000  1.00586
32.63961  0.00000  0.98633
32.62554  0.00000  0.99609
32.61148  0.00000  0.99121
32.59742  0.00000  0.99121
32.58336  0.00000  0.99609
32.56930  0.00000  0.98633
32.55524  0.00000  1.00098
32.54118  0.00000  0.98145
32.52712  0.00000  0.99609
32.51306  0.00000  0.98633
32.49900  0.00000  0.99609
32.48493  0.00000  0.99609
32.47087  0.00000  0.98145
32.45681  0.00000  0.99121
32.44275  0.00000  0.98633
32.42869  0.00000  0.99609
32.41463  0.00000  0.98145
32.40057  0.00000  0.99609
32.38651  0.00000  0.98633
32.37245  0.00000  0.99609
32.35839  0.00000  0.98633
32.34432  0.00000  0.98633
32.33026  0.00000  0.99121
32.31620  0.00000  0.98633
32.30214  0.00000  0.99121
32.28808  0.00000  0.97168
32.27402  0.00000  0.99609
32.25996  0.00000  0.98145
32.24590  0.00000  1.00098
32.23184  0.00000  0.98145
32.21778  0.00000  0.99121
32.20372  0.00000  0.98633
32.18965  0.00000  0.99121
32.17559  0.00000  0.99121
32.16153  0.00000  0.97656
32.14747  0.00000  0.99609
32.13341  0.00000  0.98145
32.11935  0.00000  1.00098
32.10529  0.00000  0.98145
32.09123  0.00000  0.99609
32.07717  0.00000  0.98633
32.06311  0.00000  0.98633
32.04904  0.00000  0.99609
32.03498  0.00000  0.98145
32.02092  0.00000  0.99609
32.00686  0.00000  0.98145
31.99280  0.00000  0.99121
31.97874  0.00000  0.98145
31.96467  0.00000  0.99121
31.95061  0.00000  0.98633
31.93655  0.00000  0.98633
31.92249  0.00000  0.98633
31.90842  0.00000  0.98145
31.89436  0.00000  0.99609
31.88030  0.00000  0.98145
31.86623  0.00000  0.99121
31.85217  0.00000  0.98145
31.83811  0.00000  0.99609
31.82405  0.00000  0.98633
31.80998  0.00000  0.99121
31.79592  0.00000  0.98633
31.78186  0.00000  0.98145
31.76779  0.00000  0.99121
31.75373  0.00000  0.98145
31.73967  0.00000  0.99121
31.72561  0.00000  0.98145
31.71154  0.00000  1.00098
31.69748  0.00000  0.98145
31.68342  0.00000  0.99609
31.66935  0.00000  0.98633
31.65529  0.00000  0.99121
31.64123  0.00000  0.98633
31.62717  0.00000  0.98145
31.61310  0.00000  1.01074
31.59904  0.00000  0.97656
31.58498  0.00000  0.99609
31.57091  0.00000  0.98145
31.55685  0.00000  0.99609
31.54279  0.00000  0.98145
31.52873  0.00000  0.98633
31.51466  0.00000  0.99121
31.50060  0.00000  0.98145
31.48654  0.00000  0.99121
31.47247  0.00000  0.97656
31.45841  0.00000  0.99609
31.44435  0.00000  0.98145
31.43029  0.00000  0.99121
31.41622  0.00000  0.98633
31.40216  0.00000  1.00586
31.38810  0.00000  0.98145
31.37403  0.00000  0.98145
31.35997  0.00000  0.98633
31.34591  0.00000  0.97656
31.33185  0.00000  0.99121
31.31778  0.00000  0.97656
31.30372  0.00000  0.99609
31.28966  0.00000  0.98633
31.27559  0.00000  0.98145
31.26153  0.00000  0.98633
31.24747  0.00000  0.98633
31.23340  0.00000  0.98633
31.21934  0.00000  0.97656
31.20528  0.00000  0.99121
31.19122  0.00000  0.98145
31.17715  0.00000  1.00098
31.16309  0.00000  0.98145
31.14903  0.00000  0.99121
31.13496  0.00000  0.98145
31.12090  0.00000  0.98145
31.10684  0.00000  0.98633
31.09278  0.00000  0.97656
31.07871  0.00000  0.99121
31.06465  0.00000  0.97656
31.05059  0.00000  0.99121
31.03652  0.00000  0.97656
31.02246  0.00000  0.99121
31.00840  0.00000  0.98145
30.99434  0.00000  0.98145
30.98027  0.00000  0.98633
30.96621  0.00000  0.97656
30.95215  0.00000  0.99121
30.93808  0.00000  0.97168
30.92402  0.00000  0.99121
30.90996  0.00000  0.97656
30.89590  0.00000  0.99609
30.88183  0.00000  0.97656
30.86777  0.00000  0.98633
30.85371  0.00000  0.98145
30.83964  0.00000  0.97656
30.82558  0.00000  0.98145
30.81152  0.00000  0.97168
30.79746  0.00000  0.99121
30.78339  0.00000  0.97656
30.76933  0.00000  0.99121
30.75527  0.00000  0.99121
30.74120  0.00000  0.98145
30.72714  0.00000  0.98633
30.71308  0.00000  0.97656
30.69902  0.00000  0.98633
30.68495  0.00000  0.97656
30.67089  0.00000  0.98633
30.65683  0.00000  0.97168
30.64276  0.00000  0.99121
30.62870  0.00000  0.97656
30.61464  0.00000  0.97656
30.60058  0.00000  0.97656
30.58651  0.00000  0.98145
30.57245  0.00000  0.98633
30.55839  0.00000  0.97656
30.54432  0.00000  0.98633
30.53026  0.00000  0.97168
30.51620  0.00000  0.99121
30.50214  0.00000  0.97168
30.48807  0.00000  0.99121
30.47401  0.00000  0.98633
30.45995  0.00000  0.98145
30.44588  0.00000  0.98633
30.43182  0.00000  0.97656
30.41776  0.00000  0.98633
30.40369  0.00000  1.01563
30.38963  0.00000  0.98633
30.37557  0.00000  0.97656
30.36151  0.00000  0.98633
30.34744  0.00000  0.97656
30.33338  0.00000  0.98145
30.31932  0.00000  0.98633
30.30525  0.00000  0.97656
30.29119  0.00000  0.98633
30.27713  0.00000  0.97168
30.26307  0.00000  0.98633
30.24900  0.00000  0.97656
30.23494  0.00000  0.99121
30.22088  0.00000  0.97656
30.20681  0.00000  0.98633
30.19275  0.00000  0.99121
30.17869  0.00000  0.96680
30.16463  0.00000  0.98633
30.15056  0.00000  0.97168
30.13650  0.00000  0.98633
30.12244  0.00000  0.97168
30.10837  0.00000  0.99121
30.09431  0.00000  0.97168
30.08025  0.00000  0.98145
30.06619  0.00000  0.98145
30.05212  0.00000  0.97656
30.03806  0.00000  0.97656
30.02400  0.00000  0.97656
30.00993  0.00000  0.99121
29.99587  0.00000  0.97168
29.98181  0.00000  0.99121
29.96775  0.00000  0.96680
29.95368  0.00000  0.97168
29.93962  0.00000  0.97656
29.92556  0.00000  0.97168
29.91149  0.00000  1.01563
29.89743  0.00000  0.96680
29.88337  0.00000  0.98633
29.86931  0.00000  0.96680
29.85524  0.00000  0.98633
29.84118  0.00000  0.97168
29.82712  0.00000  0.99609
29.81305  0.00000  0.97656
29.79899  0.00000  0.98145
29.78493  0.00000  0.97656
29.77087  0.00000  0.97168
29.75680  0.00000  0.98145
29.74274  0.00000  0.97168
29.72868  0.00000  0.98633
29.71461  0.00000  0.97168
29.70055  0.00000  0.98633
29.68649  0.00000  0.97656
29.67243  0.00000  0.98145
29.65836  0.00000  0.97656
29.64430  0.00000  0.97168
29.63024  0.00000  0.98145
29.61617  0.00000  0.97168
29.60211  0.00000  0.99121
29.58805  0.00000  0.97168
29.57398  0.00000  0.99121
29.55992  0.00000  0.98145
29.54586  0.00000  0.98145
29.53180  0.00000  0.97656
29.51773  0.00000  0.97656
29.50367  0.00000  0.98633
29.48961  0.00000  0.96680
29.47554  0.00000  0.98633
29.46148  0.00000  0.97168
29.44742  0.00000  0.98633
29.43336  0.00000  0.97656
29.41929  0.00000  0.98633
29.40523  0.00000  0.98145
29.39117  0.00000  0.97168
29.37710  0.00000  0.98145
29.36304  0.00000  0.97168
29.34898  0.00000  0.98145
29.33492  0.00000  0.96680
29.32085  0.00000  0.98633
29.30679  0.00000  0.97168
29.29273  0.00000  0.99121
29.27866  0.00000  0.97168
29.26460  0.00000  0.97656
29.25054  0.00000  0.98145
29.23648  0.00000  0.97168
29.22241  0.00000  0.97656
29.20835  0.00000  0.96680
29.19429  0.00000  0.97656
29.18022  0.00000  0.97656
29.16616  0.00000  0.98633
29.15210  0.00000  0.97168
29.13804  0.00000  0.97656
29.12397  0.00000  0.97656
29.10991  0.00000  0.97656
29.09585  0.00000  0.97656
29.08178  0.00000  0.98145
29.06772  0.00000  0.98145
29.05366  0.00000  0.96680
29.03960  0.00000  0.98633
29.02553  0.00000  0.96680
29.01147  0.00000  0.98145
28.99741  0.00000  0.97656
28.98334  0.00000  0.97168
28.96928  0.00000  0.97656
28.95522  0.00000  0.96680
28.94116  0.00000  0.98145
28.92709  0.00000  0.96680
28.91303  0.00000  0.98633
28.89897  0.00000  0.97168
28.88490  0.00000  0.98633
28.87084  0.00000  0.99609
28.85678  0.00000  0.97656
28.84272  0.00000  0.97656
28.82865  0.00000  0.96680
28.81459  0.00000  0.98145
28.80053  0.00000  0.96680
28.78646  0.00000  0.98633
28.77240  0.00000  0.96680
28.75834  0.00000  0.98633
28.74427  0.00000  0.97168
28.73021  0.00000  0.97656
28.71615  0.00000  0.97656
28.70209  0.00000  0.97168
28.68802  0.00000  0.98145
28.67396  0.00000  0.96680
28.65990  0.00000  0.98145
28.64583  0.00000  0.96680
28.63177  0.00000  0.98633
28.61771  0.00000  0.97168
28.60365  0.00000  0.97656
28.58958  0.00000  0.97656
28.57552  0.00000  0.96680
28.56146  0.00000  0.97656
28.54739  0.00000  0.95703
28.53333  0.00000  0.98145
28.51927  0.00000  0.96680
28.50521  0.00000  0.98633
28.49114  0.00000  0.97168
28.47708  0.00000  0.98145
28.46302  0.00000  0.97168
28.44895  0.00000  0.97168
28.43489  0.00000  0.97656
28.42083  0.00000  0.96680
28.40677  0.00000  0.98145
28.39270  0.00000  0.96680
28.37864  0.00000  0.96680
28.36458  0.00000  0.96680
28.35051  0.00000  0.98633
28.33645  0.00000  0.97168
28.32239  0.00000  0.96680
28.30833  0.00000  0.97656
28.29426  0.00000  0.96680
28.28020  0.00000  0.99121
28.26614  0.00000  0.96680
28.25207  0.00000  0.98145
28.23801  0.00000  0.96680
28.22395  0.00000  0.98633
28.20989  0.00000  0.97168
28.19582  0.00000  0.97656
28.18176  0.00000  0.97168
28.16770  0.00000  0.96680
28.15363  0.00000  0.97656
28.13957  0.00000  0.96680
28.12551  0.00000  0.98145
28.11145  0.00000  0.96680
28.09738  0.00000  0.98633
28.08332  0.00000  0.96680
28.06926  0.00000  0.97656
28.05519  0.00000  0.97656
28.04113  0.00000  0.97168
28.02707  0.00000  0.97656
28.01301  0.00000  0.96680
27.99894  0.00000  0.97168
27.98488  0.00000  0.96680
27.97082  0.00000  0.98145
27.95675  0.00000  0.96680
27.94269  0.00000  0.98145
27.92863  0.00000  0.97168
27.91456  0.00000  0.97168
27.90050  0.00000  0.97656
27.88644  0.00000  0.96680
27.87238  0.00000  0.99121
27.85831  0.00000  0.96191
27.84425  0.00000  0.98145
27.83019  0.00000  0.95703
27.81612  0.00000  0.98633
27.80206  0.00000  0.96680
27.78800  0.00000  0.97656
27.77394  0.00000  0.97656
27.75987  0.00000  0.97168
27.74581  0.00000  0.97656
27.73175  0.00000  0.96680
27.71768  0.00000  0.97168
27.70362  0.00000  0.96680
27.68956  0.00000  0.98633
27.67550  0.00000  0.97168
27.66143  0.00000  0.97656
27.64737  0.00000  0.97656
27.63331  0.00000  0.96191
27.61924  0.00000  0.97656
27.60518  0.00000  0.97168
27.59112  0.00000  0.98145
27.57706  0.00000  0.96191
27.56299  0.00000  0.98633
27.54893  0.00000  0.97168
27.53487  0.00000  0.98145
27.52080  0.00000  0.97168
27.50674  0.00000  0.97168
27.49268  0.00000  0.98633
27.47862  0.00000  0.96680
27.46455  0.00000  0.98633
27.45049  0.00000  0.97656
27.43643  0.00000  0.98633
27.42236  0.00000  0.96680
27.40830  0.00000  0.97656
27.39424  0.00000  0.98145
27.38018  0.00000  0.98633
27.36611  0.00000  0.97656
27.35205  0.00000  0.96680
27.33799  0.00000  0.98145
27.32392  0.00000  0.96680
27.30986  0.00000  0.99121
27.29580  0.00000  0.97656
27.28174  0.00000  0.98145
27.26767  0.00000  0.97168
27.25361  0.00000  0.97656
27.23955  0.00000  0.97656
27.22548  0.00000  0.96191
27.21142  0.00000  1.00586
27.19736  0.00000  0.96680
27.18330  0.00000  0.98145
27.16923  0.00000  0.96680
27.15517  0.00000  0.98633
27.14111  0.00000  0.97168
27.12704  0.00000  0.97656
27.11298  0.00000  0.97656
27.09892  0.00000  0.97168
27.08485  0.00000  0.98145
27.07079  0.00000  0.96680
27.05673  0.00000  0.98145
27.04267  0.00000  0.97168
27.02860  0.00000  0.98633
27.01454  0.00000  0.97168
27.00048  0.00000  0.97656
26.98641  0.00000  0.97656
26.97235  0.00000  0.97168
26.95829  0.00000  0.97656
26.94423  0.00000  0.96680
26.93016  0.00000  0.97656
26.91610  0.00000  0.96680
26.90204  0.00000  0.98633
26.88797  0.00000  0.97168
26.87391  0.00000  0.98633
26.85985  0.00000  0.97656
26.84579  0.00000  0.97656
26.83172  0.00000  0.98145
26.81766  0.00000  0.96680
26.80360  0.00000  0.97656
26.78953  0.00000  0.96680
26.77547  0.00000  0.98145
26.76141  0.00000  0.96680
26.74735  0.00000  0.98633
26.73328  0.00000  0.97168
26.71922  0.00000  0.97656
26.70516  0.00000  0.97656
26.69109  0.00000  0.98145
26.67703  0.00000  0.98145
26.66297  0.00000  0.97168
26.64891  0.00000  0.99121
26.63484  0.00000  0.97168
26.62078  0.00000  0.98633
26.60672  0.00000  0.97168
26.59265  0.00000  0.98145
26.57859  0.00000  0.97656
26.56453  0.00000  0.97656
26.55047  0.00000  0.98145
26.53640  0.00000  0.96680
26.52234  0.00000  0.98633
26.50828  0.00000  0.96680
26.49421  0.00000  0.98633
26.48015  0.00000  0.97168
26.46609  0.00000  0.98633
26.45203  0.00000  0.98145
26.43796  0.00000  0.97168
26.42390  0.00000  0.98145
26.40984  0.00000  1.00098
26.39577  0.00000  0.98145
26.38171  0.00000  0.97168
26.36765  0.00000  0.98633
26.35359  0.00000  0.97168
26.33952  0.00000  0.98633
26.32546  0.00000  0.97168
26.31140  0.00000  0.98145
26.29733  0.00000  0.98633
26.28327  0.00000  0.97168
26.26921  0.00000  0.97168
26.25514  0.00000  0.96680
26.24108  0.00000  0.98633
26.22702  0.00000  0.97168
26.21296  0.00000  0.99121
26.19889  0.00000  0.97656
26.18483  0.00000  0.97656
26.17077  0.00000  0.98145
26.15670  0.00000  0.97168
26.14264  0.00000  0.98145
26.12858  0.00000  0.97168
26.11452  0.00000  0.98633
26.10045  0.00000  0.97168
26.08639  0.00000  0.98633
26.07233  0.00000  0.97168
26.05826  0.00000  0.98145
26.04420  0.00000  0.97656
26.03014  0.00000  0.97656
26.01608  0.00000  0.98633
26.00201  0.00000  0.97168
25.98795  0.00000  0.98633
25.97389  0.00000  0.97656
25.95982  0.00000  0.99609
25.94576  0.00000  0.95215
25.93170  0.00000  0.98633
25.91764  0.00000  0.98145
25.90357  0.00000  0.97656
25.88951  0.00000  0.97656
25.87545  0.00000  0.97656
25.86138  0.00000  0.98145
25.84732  0.00000  0.97168
25.83326  0.00000  0.98633
25.81920  0.00000  0.97656
25.80513  0.00000  0.99121
25.79107  0.00000  0.97168
25.77701  0.00000  0.98145
25.76294  0.00000  0.98145
25.74888  0.00000  0.97656
25.73482  0.00000  0.98145
25.72076  0.00000  0.97168
25.70669  0.00000  0.99121
25.69263  0.00000  0.97656
25.67857  0.00000  0.97656
25.66450  0.00000  0.97656
25.65044  0.00000  1.00586
25.63638  0.00000  0.98145
25.62232  0.00000  0.97168
25.60825  0.00000  0.98145
25.59419  0.00000  0.97168
25.58013  0.00000  0.99121
25.56606  0.00000  0.97168
25.55200  0.00000  0.99121
25.53794  0.00000  0.97656
25.52388  0.00000  0.98633
25.50981  0.00000  0.98633
25.49575  0.00000  0.97656
25.48169  0.00000  0.98633
25.46762  0.00000  0.98145
25.45356  0.00000  0.98633
25.43950  0.00000  0.97168
25.42543  0.00000  0.99121
25.41137  0.00000  0.98145
25.39731  0.00000  0.98633
25.38325  0.00000  0.98145
25.36918  0.00000  0.97656
25.35512  0.00000  0.98145
25.34106  0.00000  0.97168
25.32699  0.00000  0.99121
25.31293  0.00000  0.97656
25.29887  0.00000  0.99609
25.28481  0.00000  0.97656
25.27074  0.00000  0.98633
25.25668  0.00000  0.97656
25.24262  0.00000  0.96680
25.22855  0.00000  0.99121
25.21449  0.00000  0.97168
25.20043  0.00000  0.99121
25.18637  0.00000  0.97168
25.17230  0.00000  0.99121
25.15824  0.00000  0.98145
25.14418  0.00000  0.98633
25.13011  0.00000  0.97656
25.11605  0.00000  0.98145
25.10199  0.00000  0.98145
25.08793  0.00000  0.97656
25.07386  0.00000  0.98633
25.05980  0.00000  0.97168
25.04574  0.00000  0.99121
25.03167  0.00000  0.97656
25.01761  0.00000  0.99609
25.00355  0.00000  0.99121
24.98949  0.00000  0.98633
24.97542  0.00000  0.97168
24.96136  0.00000  0.97168
24.94730  0.00000  0.98633
24.93323  0.00000  0.97656
24.91917  0.00000  0.99121
24.90511  0.00000  0.97168
24.89105  0.00000  0.98145
24.87698  0.00000  0.98145
24.86292  0.00000  0.98633
24.84886  0.00000  0.98145
24.83479  0.00000  0.98145
24.82073  0.00000  0.98633
24.80667  0.00000  0.98145
24.79261  0.00000  0.99609
24.77854  0.00000  0.97168
24.76448  0.00000  0.99121
24.75042  0.00000  0.98145
24.73635  0.00000  0.99609
24.72229  0.00000  0.98145
24.70823  0.00000  0.97656
24.69416  0.00000  0.98633
24.68010  0.00000  0.97656
24.66604  0.00000  0.99121
24.65198  0.00000  0.97656
24.63791  0.00000  0.99121
24.62385  0.00000  0.97656
24.60979  0.00000  0.99121
24.59572  0.00000  0.98145
24.58166  0.00000  0.98633
24.56760  0.00000  0.98145
24.55354  0.00000  1.01074
24.53947  0.00000  0.98633
24.52541  0.00000  0.97656
24.51135  0.00000  0.99121
24.49728  0.00000  0.98145
24.48322  0.00000  0.98633
24.46916  0.00000  0.98145
24.45510  0.00000  0.99121
24.44103  0.00000  0.98145
24.42697  0.00000  0.96680
24.41291  0.00000  0.99121
24.39884  0.00000  0.95703
24.38478  0.00000  0.98633
24.37072  0.00000  0.97656
24.35666  0.00000  0.99609
24.34259  0.00000  0.97656
24.32853  0.00000  0.98633
24.31447  0.00000  0.98633
24.30040  0.00000  0.98145
24.28634  0.00000  0.98145
24.27228  0.00000  0.98633
24.25822  0.00000  0.99121
24.24415  0.00000  0.97656
24.23009  0.00000  0.99121
24.21603  0.00000  0.97656
24.20196  0.00000  0.99121
24.18790  0.00000  0.98633
24.17384  0.00000  0.98633
24.15978  0.00000  0.98633
24.14571  0.00000  0.97168
24.13165  0.00000  0.99609
24.11759  0.00000  0.97656
24.10352  0.00000  0.98633
24.08946  0.00000  0.98145
24.07540  0.00000  0.99609
24.06134  0.00000  0.98145
24.04727  0.00000  0.99609
24.03321  0.00000  0.98633
24.01915  0.00000  0.98145
24.00508  0.00000  0.99121
23.99102  0.00000  0.98145
23.97696  0.00000  0.99121
23.96290  0.00000  0.97656
23.94883  0.00000  0.99121
23.93477  0.00000  0.98145
23.92071  0.00000  0.99121
23.90664  0.00000  0.98145
23.89258  0.00000  0.98145
23.87852  0.00000  0.99121
23.86445  0.00000  0.97168
23.85039  0.00000  0.99121
23.83633  0.00000  0.98145
23.82227  0.00000  0.99121
23.80820  0.00000  0.98145
23.79414  0.00000  0.99121
23.78008  0.00000  0.98633
23.76601  0.00000  0.99609
23.75195  0.00000  0.99121
23.73789  0.00000  0.98145
23.72383  0.00000  0.99609
23.70976  0.00000  0.98145
23.69570  0.00000  0.98633
23.68164  0.00000  0.98633
23.66757  0.00000  0.99609
23.65351  0.00000  0.98633
23.63945  0.00000  0.96191
23.62539  0.00000  0.98145
23.61132  0.00000  0.98145
23.59726  0.00000  0.99121
23.58320  0.00000  0.97656
23.56913  0.00000  0.99609
23.55507  0.00000  0.98145
23.54101  0.00000  0.99609
23.52695  0.00000  0.98145
23.51288  0.00000  0.98633
23.49882  0.00000  0.99121
23.48476  0.00000  0.98145
23.47069  0.00000  0.99121
23.45663  0.00000  0.98145
23.44257  0.00000  0.99609
23.42851  0.00000  0.97656
23.41444  0.00000  1.00098
23.40038  0.00000  0.98633
23.38632  0.00000  0.99121
23.37225  0.00000  0.98633
23.35819  0.00000  0.98633
23.34413  0.00000  0.99121
23.33007  0.00000  1.00098
23.31600  0.00000  0.99609
23.30194  0.00000  0.98145
23.28788  0.00000  0.99609
23.27381  0.00000  0.98145
23.25975  0.00000  1.00098
23.24569  0.00000  0.98633
23.23163  0.00000  0.99121
23.21756  0.00000  0.99121
23.20350  0.00000  0.98145
23.18944  0.00000  0.99609
23.17537  0.00000  0.98145
23.16131  0.00000  0.99609
23.14725  0.00000  0.98633
23.13319  0.00000  0.99121
23.11912  0.00000  0.98633
23.10506  0.00000  0.99121
23.09100  0.00000  0.99609
23.07693  0.00000  0.98145
23.06287  0.00000  0.99609
23.04881  0.00000  0.98145
23.03474  0.00000  1.00098
23.02068  0.00000  0.98145
23.00662  0.00000  0.99609
22.99256  0.00000  0.98633
22.97849  0.00000  0.99121
22.96443  0.00000  0.99121
22.95037  0.00000  0.98633
22.93630  0.00000  0.99609
22.92224  0.00000  0.98145
22.90818  0.00000  0.99609
22.89412  0.00000  0.99121
22.88005  0.00000  1.00098
22.86599  0.00000  0.98633
22.85193  0.00000  0.99609
22.83786  0.00000  0.98633
22.82380  0.00000  0.98633
22.80974  0.00000  0.99121
22.79568  0.00000  0.97656
22.78161  0.00000  1.00098
22.76755  0.00000  0.98145
22.75349  0.00000  1.00098
22.73942  0.00000  0.97656
22.72536  0.00000  0.99121
22.71130  0.00000  0.99121
22.69724  0.00000  0.99121
22.68317  0.00000  0.99609
22.66911  0.00000  0.98633
22.65505  0.00000  0.99121
22.64098  0.00000  0.98633
22.62692  0.00000  0.99609
22.61286  0.00000  0.97168
22.59880  0.00000  1.00098
22.58473  0.00000  0.99121
22.57067  0.00000  0.99609
22.55661  0.00000  0.99121
22.54254  0.00000  0.98145
22.52848  0.00000  1.00098
22.51442  0.00000  0.98633
22.50036  0.00000  1.00098
22.48629  0.00000  0.98633
22.47223  0.00000  1.00098
22.45817  0.00000  0.99121
22.44410  0.00000  0.99609
22.43004  0.00000  0.99609
22.41598  0.00000  0.99121
22.40192  0.00000  1.00586
22.38785  0.00000  0.98633
22.37379  0.00000  1.00098
22.35973  0.00000  0.99121
22.34566  0.00000  1.00098
22.33160  0.00000  0.98633
22.31754  0.00000  1.00098
22.30348  0.00000  0.99609
22.28941  0.00000  0.99121
22.27535  0.00000  1.00098
22.26129  0.00000  0.98633
22.24722  0.00000  1.00098
22.23316  0.00000  0.98145
22.21910  0.00000  1.00098
22.20503  0.00000  0.98633
22.19097  0.00000  1.00098
22.17691  0.00000  0.99121
22.16285  0.00000  0.99121
22.14878  0.00000  0.99609
22.13472  0.00000  0.99121
22.12066  0.00000  1.00098
22.10659  0.00000  0.98633
22.09253  0.00000  1.00586
22.07847  0.00000  0.99121
22.06441  0.00000  1.00098
22.05034  0.00000  0.99609
22.03628  0.00000  0.99609
22.02222  0.00000  0.99609
22.00815  0.00000  1.01563
21.99409  0.00000  1.00098
21.98003  0.00000  0.98633
21.96597  0.00000  0.99609
21.95190  0.00000  0.99121
21.93784  0.00000  1.00586
21.92378  0.00000  0.99121
21.90971  0.00000  1.00098
21.89565  0.00000  0.99121
21.88159  0.00000  0.99609
21.86753  0.00000  0.99609
21.85346  0.00000  0.99121
21.83940  0.00000  1.00586
21.82534  0.00000  0.99121
21.81127  0.00000  1.00098
21.79721  0.00000  0.99121
21.78315  0.00000  1.00098
21.76909  0.00000  1.00586
21.75502  0.00000  0.99609
21.74096  0.00000  1.00098
21.72690  0.00000  0.99121
21.71283  0.00000  1.00098
21.69877  0.00000  0.99121
21.68471  0.00000  1.00586
21.67065  0.00000  0.99121
21.65658  0.00000  1.00098
21.64252  0.00000  0.98145
21.62846  0.00000  0.99609
21.61439  0.00000  0.99609
21.60033  0.00000  0.99609
21.58627  0.00000  1.00098
21.57221  0.00000  0.99121
21.55814  0.00000  1.00586
21.54408  0.00000  0.99121
21.53002  0.00000  1.00586
21.51595  0.00000  0.99121
21.50189  0.00000  0.99609
21.48783  0.00000  1.00098
21.47377  0.00000  0.99609
21.45970  0.00000  1.00098
21.44564  0.00000  0.99121
21.43158  0.00000  1.00586
21.41751  0.00000  0.98633
21.40345  0.00000  1.00586
21.38939  0.00000  0.99121
21.37532  0.00000  1.00586
21.36126  0.00000  1.00586
21.34720  0.00000  0.99121
21.33314  0.00000  1.00586
21.31907  0.00000  0.98633
21.30501  0.00000  1.01074
21.29095  0.00000  0.99121
21.27688  0.00000  1.00586
21.26282  0.00000  0.99609
21.24876  0.00000  1.00586
21.23470  0.00000  1.00098
21.22063  0.00000  1.00098
21.20657  0.00000  0.98633
21.19251  0.00000  0.99609
21.17844  0.00000  1.00586
21.16438  0.00000  0.98145
21.15032  0.00000  1.01074
21.13626  0.00000  0.99609
21.12219  0.00000  1.00586
21.10813  0.00000  1.00098
21.09407  0.00000  1.00098
21.08000  0.00000  1.00586
21.06594  0.00000  0.99609
21.05188  0.00000  1.00098
21.03782  0.00000  1.01563
21.02375  0.00000  1.00586
21.00969  0.00000  0.99121
20.99563  0.00000  1.01074
20.98156  0.00000  1.00098
20.96750  0.00000  1.01074
20.95344  0.00000  1.00098
20.93938  0.00000  1.01074
20.92531  0.00000  1.00098
20.91125  0.00000  0.99121
20.89719  0.00000  1.00586
20.88312  0.00000  0.99609
20.86906  0.00000  1.00586
20.85500  0.00000  0.99609
20.84094  0.00000  1.02051
20.82687  0.00000  0.99609
20.81281  0.00000  1.00586
20.79875  0.00000  1.00098
20.78468  0.00000  0.99609
20.77062  0.00000  1.00586
20.75656  0.00000  0.99609
20.74250  0.00000  1.01074
20.72843  0.00000  0.99609
20.71437  0.00000  1.01074
20.70031  0.00000  0.99609
20.68624  0.00000  1.00098
20.67218  0.00000  1.01074
20.65812  0.00000  1.00098
20.64406  0.00000  1.00586
20.62999  0.00000  0.99609
20.61593  0.00000  1.00586
20.60187  0.00000  0.99609
20.58780  0.00000  1.01074
20.57374  0.00000  0.99609
20.55968  0.00000  1.01074
20.54561  0.00000  1.00586
20.53155  0.00000  1.00098
20.51749  0.00000  1.00586
20.50343  0.00000  0.99609
20.48936  0.00000  1.00586
20.47530  0.00000  0.99609
20.46124  0.00000  1.01074
20.44717  0.00000  1.00098
20.43311  0.00000  1.01074
20.41905  0.00000  1.00098
20.40499  0.00000  1.00098
20.39092  0.00000  1.00586
20.37686  0.00000  1.00098
20.36280  0.00000  1.00586
20.34873  0.00000  0.99609
20.33467  0.00000  1.01074
20.32061  0.00000  1.00586
20.30655  0.00000  1.00586
20.29248  0.00000  1.00098
20.27842  0.00000  0.99609
20.26436  0.00000  1.00586
20.25029  0.00000  1.00098
20.23623  0.00000  1.01074
20.22217  0.00000  0.99609
20.20811  0.00000  1.01074
20.19404  0.00000  1.00098
20.17998  0.00000  1.01074
20.16592  0.00000  1.00098
20.15185  0.00000  1.00586
20.13779  0.00000  1.00586
20.12373  0.00000  1.02539
20.10967  0.00000  1.01074
20.09560  0.00000  0.99609
20.08154  0.00000  1.01074
20.06748  0.00000  1.00098
20.05341  0.00000  1.01563
20.03935  0.00000  1.00586
20.02529  0.00000  1.01074
20.01123  0.00000  1.00586
19.99716  0.00000  1.00586
19.98310  0.00000  1.00586
19.96904  0.00000  1.00098
19.95497  0.00000  1.01074
19.94091  0.00000  1.00098
19.92685  0.00000  1.01074
19.91279  0.00000  1.00098
19.89872  0.00000  1.01074
19.88466  0.00000  1.00586
19.87060  0.00000  1.00586
19.85653  0.00000  1.01074
19.84247  0.00000  0.99609
19.82841  0.00000  1.01074
19.81435  0.00000  0.99609
19.80028  0.00000  1.01074
19.78622  0.00000  1.00098
19.77216  0.00000  1.01074
19.75809  0.00000  0.99609
19.74403  0.00000  1.00586
19.72997  0.00000  1.00586
19.71590  0.00000  1.00586
19.70184  0.00000  1.00586
19.68778  0.00000  1.00098
19.67372  0.00000  1.01563
19.65965  0.00000  0.99609
19.64559  0.00000  1.01563
19.63153  0.00000  1.00586
19.61746  0.00000  1.01074
19.60340  0.00000  1.01074
19.58934  0.00000  1.01074
19.57528  0.00000  1.01074
19.56121  0.00000  1.00586
19.54715  0.00000  1.01563
19.53309  0.00000  1.00586
19.51902  0.00000  1.01563
19.50496  0.00000  1.00098
19.49090  0.00000  1.01563
19.47684  0.00000  1.00586
19.46277  0.00000  1.00586
19.44871  0.00000  1.01074
19.43465  0.00000  1.00586
19.42058  0.00000  1.01074
19.40652  0.00000  1.00098
19.39246  0.00000  1.01563
19.37840  0.00000  1.00586
19.36433  0.00000  1.01563
19.35027  0.00000  1.00586
19.33621  0.00000  1.01563
19.32214  0.00000  1.01074
19.30808  0.00000  1.01074
19.29402  0.00000  1.01563
19.27996  0.00000  1.00586
19.26589  0.00000  1.03027
19.25183  0.00000  1.00586
19.23777  0.00000  1.01563
19.22370  0.00000  1.00586
19.20964  0.00000  1.01563
19.19558  0.00000  1.00098
19.18152  0.00000  1.00586
19.16745  0.00000  1.01563
19.15339  0.00000  1.02539
19.13933  0.00000  1.02051
19.12526  0.00000  1.00098
19.11120  0.00000  1.02051
19.09714  0.00000  1.00586
19.08308  0.00000  1.01563
19.06901  0.00000  1.01563
19.05495  0.00000  1.01074
19.04089  0.00000  1.00098
19.02682  0.00000  1.00098
19.01276  0.00000  1.01563
18.99870  0.00000  1.00586
18.98464  0.00000  1.02051
18.97057  0.00000  1.00586
18.95651  0.00000  1.01563
18.94245  0.00000  1.00586
18.92838  0.00000  1.03027
18.91432  0.00000  1.00586
18.90026  0.00000  1.00586
18.88619  0.00000  1.01074
18.87213  0.00000  1.00586
18.85807  0.00000  1.01563
18.84401  0.00000  1.01074
18.82994  0.00000  1.01563
18.81588  0.00000  1.01074
18.80182  0.00000  1.01563
18.78775  0.00000  1.01074
18.77369  0.00000  1.00586
18.75963  0.00000  1.01074
18.74557  0.00000  1.00586
18.73150  0.00000  1.01563
18.71744  0.00000  1.00586
18.70338  0.00000  1.02051
18.68931  0.00000  1.01074
18.67525  0.00000  1.01563
18.66119  0.00000  1.01563
18.64713  0.00000  1.01074
18.63306  0.00000  1.01563
18.61900  0.00000  1.00098
18.60494  0.00000  1.02051
18.59087  0.00000  0.99121
18.57681  0.00000  1.01563
18.56275  0.00000  1.01074
18.54869  0.00000  1.01563
18.53462  0.00000  1.01074
18.52056  0.00000  1.00586
18.50650  0.00000  1.01563
18.49243  0.00000  1.01074
18.47837  0.00000  1.01563
18.46431  0.00000  1.00098
18.45025  0.00000  1.03027
18.43618  0.00000  1.01074
18.42212  0.00000  1.02051
18.40806  0.00000  1.01074
18.39399  0.00000  1.01074
18.37993  0.00000  1.01563
18.36587  0.00000  1.01074
18.35181  0.00000  1.01074
18.33774  0.00000  1.01074
18.32368  0.00000  1.02051
18.30962  0.00000  1.01074
18.29555  0.00000  1.02051
18.28149  0.00000  1.01074
18.26743  0.00000  1.01563
18.25337  0.00000  1.01563
18.23930  0.00000  1.01074
18.22524  0.00000  1.01074
18.21118  0.00000  1.00098
18.19711  0.00000  1.01563
18.18305  0.00000  1.01074
18.16899  0.00000  1.01563
18.15493  0.00000  1.01563
18.14086  0.00000  1.01563
18.12680  0.00000  1.01563
18.11274  0.00000  1.00586
18.09867  0.00000  1.01563
18.08461  0.00000  1.01074
18.07055  0.00000  1.02051
18.05648  0.00000  1.01074
18.04242  0.00000  1.01563
18.02836  0.00000  1.01074
18.01430  0.00000  1.02051
18.00023  0.00000  1.01563
17.98617  0.00000  1.01074
17.97211  0.00000  1.04004
17.95804  0.00000  1.01074
17.94398  0.00000  1.04004
17.92992  0.00000  1.01074
17.91586  0.00000  1.02051
17.90179  0.00000  1.01563
17.88773  0.00000  1.02051
17.87367  0.00000  1.01563
17.85960  0.00000  1.01563
17.84554  0.00000  1.01563
17.83148  0.00000  1.01074
17.81742  0.00000  1.02051
17.80335  0.00000  1.01074
17.78929  0.00000  1.02539
17.77523  0.00000  1.01074
17.76116  0.00000  1.02051
17.74710  0.00000  1.01563
17.73304  0.00000  1.02051
17.71898  0.00000  1.00586
17.70491  0.00000  1.01563
17.69085  0.00000  1.01563
17.67679  0.00000  1.01563
17.66272  0.00000  1.01563
17.64866  0.00000  1.01074
17.63460  0.00000  1.02539
17.62054  0.00000  1.01563
17.60647  0.00000  1.02051
17.59241  0.00000  1.01563
17.57835  0.00000  1.01563
17.56428  0.00000  1.02051
17.55022  0.00000  1.01563
17.53616  0.00000  1.02051
17.52210  0.00000  1.01074
17.50803  0.00000  1.02051
17.49397  0.00000  1.01563
17.47991  0.00000  1.02051
17.46584  0.00000  1.01563
17.45178  0.00000  1.01563
17.43772  0.00000  1.02051
17.42366  0.00000  1.01074
17.40959  0.00000  1.02051
17.39553  0.00000  1.01563
17.38147  0.00000  1.03516
17.36740  0.00000  1.01563
17.35334  0.00000  1.02051
17.33928  0.00000  1.01563
17.32522  0.00000  1.01563
17.31115  0.00000  1.01563
17.29709  0.00000  1.01074
17.28303  0.00000  1.02051
17.26896  0.00000  1.01074
17.25490  0.00000  1.02051
17.24084  0.00000  1.01563
17.22677  0.00000  1.02539
17.21271  0.00000  1.01563
17.19865  0.00000  1.02051
17.18459  0.00000  1.02051
17.17052  0.00000  1.02051
17.15646  0.00000  1.02051
17.14240  0.00000  1.01074
17.12833  0.00000  1.01563
17.11427  0.00000  1.01563
17.10021  0.00000  1.02539
17.08615  0.00000  1.01563
17.07208  0.00000  1.02051
17.05802  0.00000  1.01074
17.04396  0.00000  1.01563
17.02989  0.00000  1.02539
17.01583  0.00000  1.01563
17.00177  0.00000  1.02051
16.98771  0.00000  1.01563
16.97364  0.00000  1.02051
16.95958  0.00000  1.01563
16.94552  0.00000  1.02051
16.93145  0.00000  1.02051
16.91739  0.00000  1.02051
16.90333  0.00000  1.00586
16.88927  0.00000  1.01563
16.87520  0.00000  1.02051
16.86114  0.00000  1.02051
16.84708  0.00000  1.02051
16.83301  0.00000  1.01563
16.81895  0.00000  1.02051
16.80489  0.00000  1.02051
16.79083  0.00000  1.02539
16.77676  0.00000  1.02051
16.76270  0.00000  1.01563
16.74864  0.00000  1.02051
16.73457  0.00000  1.01563
16.72051  0.00000  1.02051
16.70645  0.00000  1.01563
16.69239  0.00000  1.02539
16.67832  0.00000  1.02051
16.66426  0.00000  1.02051
16.65020  0.00000  1.02051
16.63613  0.00000  1.01563
16.62207  0.00000  1.02051
16.60801  0.00000  1.01563
16.59395  0.00000  1.02539
16.57988  0.00000  1.01563
16.56582  0.00000  1.02539
16.55176  0.00000  1.01563
16.53769  0.00000  1.02539
16.52363  0.00000  1.02539
16.50957  0.00000  1.02051
16.49551  0.00000  1.02539
16.48144  0.00000  1.02051
16.46738  0.00000  1.02539
16.45332  0.00000  1.02051
16.43925  0.00000  1.02051
16.42519  0.00000  1.02051
16.41113  0.00000  1.02539
16.39706  0.00000  1.02539
16.38300  0.00000  1.02051
16.36894  0.00000  1.02051
16.35488  0.00000  1.02051
16.34081  0.00000  1.02051
16.32675  0.00000  1.02051
16.31269  0.00000  1.02539
16.29862  0.00000  1.02051
16.28456  0.00000  1.02539
16.27050  0.00000  1.02051
16.25644  0.00000  1.02051
16.24237  0.00000  1.02539
16.22831  0.00000  1.02539
16.21425  0.00000  1.02539
16.20018  0.00000  1.02051
16.18612  0.00000  1.02051
16.17206  0.00000  1.02051
16.15800  0.00000  1.01074
16.14393  0.00000  1.02051
16.12987  0.00000  1.02539
16.11581  0.00000  1.03027
16.10174  0.00000  1.01563
16.08768  0.00000  1.02051
16.07362  0.00000  1.01563
16.05956  0.00000  1.02539
16.04549  0.00000  1.02051
16.03143  0.00000  1.02051
16.01737  0.00000  1.02539
16.00330  0.00000  1.02539
15.98924  0.00000  1.02539
15.97518  0.00000  1.02539
15.96111  0.00000  1.02051
15.94705  0.00000  1.01563
15.93299  0.00000  1.02539
15.91893  0.00000  1.02051
15.90486  0.00000  1.02539
15.89080  0.00000  1.02539
15.87674  0.00000  1.02539
15.86267  0.00000  1.02539
15.84861  0.00000  1.02539
15.83455  0.00000  1.02051
15.82049  0.00000  1.03027
15.80642  0.00000  1.02539
15.79236  0.00000  1.02051
15.77830  0.00000  1.02051
15.76423  0.00000  1.02051
15.75017  0.00000  1.03027
15.73611  0.00000  1.02051
15.72205  0.00000  1.02539
15.70798  0.00000  1.03027
15.69392  0.00000  1.02051
15.67986  0.00000  1.02051
15.66579  0.00000  1.01563
15.65173  0.00000  1.02539
15.63767  0.00000  1.03516
15.62361  0.00000  1.02539
15.60954  0.00000  1.02539
15.59548  0.00000  1.03027
15.58142  0.00000  1.02539
15.56735  0.00000  1.02539
15.55329  0.00000  1.03027
15.53923  0.00000  1.02051
15.52517  0.00000  1.03027
15.51110  0.00000  1.05469
15.49704  0.00000  1.02539
15.48298  0.00000  1.02539
15.46891  0.00000  1.02051
15.45485  0.00000  1.03027
15.44079  0.00000  1.02539
15.42673  0.00000  1.02539
15.41266  0.00000  1.02051
15.39860  0.00000  1.02539
15.38454  0.00000  1.02539
15.37047  0.00000  1.02539
15.35641  0.00000  1.02051
15.34235  0.00000  1.02539
15.32828  0.00000  1.02539
15.31422  0.00000  1.02539
15.30016  0.00000  1.02539
15.28610  0.00000  1.02539
15.27203  0.00000  1.02539
15.25797  0.00000  1.02051
15.24391  0.00000  1.03027
15.22984  0.00000  1.02539
15.21578  0.00000  1.03027
15.20172  0.00000  1.02539
15.18766  0.00000  1.02051
15.17359  0.00000  1.02539
15.15953  0.00000  1.02539
15.14547  0.00000  1.03027
15.13140  0.00000  1.02539
15.11734  0.00000  1.02539
15.10328  0.00000  1.02539
15.08922  0.00000  1.02539
15.07515  0.00000  1.03516
15.06109  0.00000  1.02539
15.04703  0.00000  1.02051
15.03296  0.00000  1.03027
15.01890  0.00000  1.02539
15.00484  0.00000  1.02539
14.99078  0.00000  1.03027
14.97671  0.00000  1.02539
14.96265  0.00000  1.03027
14.94859  0.00000  1.02539
14.93452  0.00000  1.02539
14.92046  0.00000  1.02539
14.90640  0.00000  1.02539
14.89234  0.00000  1.02051
14.87827  0.00000  1.01563
14.86421  0.00000  1.02539
14.85015  0.00000  1.02539
14.83608  0.00000  1.03027
14.82202  0.00000  1.02539
14.80796  0.00000  1.01563
14.79390  0.00000  1.02539
14.77983  0.00000  1.02539
14.76577  0.00000  1.02051
14.75171  0.00000  1.03027
14.73764  0.00000  1.02539
14.72358  0.00000  1.03027
14.70952  0.00000  1.03027
14.69546  0.00000  1.03027
14.68139  0.00000  1.03027
14.66733  0.00000  1.02539
14.65327  0.00000  1.02051
14.63920  0.00000  1.03027
14.62514  0.00000  1.02539
14.61108  0.00000  1.02539
14.59702  0.00000  1.02539
14.58295  0.00000  1.02539
14.56889  0.00000  1.02539
14.55483  0.00000  1.02539
14.54076  0.00000  1.02051
14.52670  0.00000  1.03027
14.51264  0.00000  1.01563
14.49857  0.00000  1.02539
14.48451  0.00000  1.03027
14.47045  0.00000  1.02051
14.45639  0.00000  1.03027
14.44232  0.00000  1.02539
14.42826  0.00000  1.03027
14.41420  0.00000  1.04492
14.40013  0.00000  1.02539
14.38607  0.00000  1.03027
14.37201  0.00000  1.02539
14.35795  0.00000  1.02539
14.34388  0.00000  1.02539
14.32982  0.00000  1.03516
14.31576  0.00000  1.01074
14.30169  0.00000  1.03027
14.28763  0.00000  1.02539
14.27357  0.00000  1.03027
14.25951  0.00000  1.02539
14.24544  0.00000  1.02539
14.23138  0.00000  1.02539
14.21732  0.00000  1.02539
14.20325  0.00000  1.02539
14.18919  0.00000  1.02539
14.17513  0.00000  1.02539
14.16107  0.00000  1.03027
14.14700  0.00000  1.02539
14.13294  0.00000  1.02539
14.11888  0.00000  1.03027
14.10481  0.00000  1.03027
14.09075  0.00000  1.02539
14.07669  0.00000  1.03027
14.06263  0.00000  1.02539
14.04856  0.00000  1.03027
14.03450  0.00000  1.06445
14.02044  0.00000  1.02539
14.00637  0.00000  1.02539
13.99231  0.00000  1.03027
13.97825  0.00000  1.03027
13.96419  0.00000  1.03027
13.95012  0.00000  1.03027
13.93606  0.00000  1.03516
13.92200  0.00000  1.03027
13.90793  0.00000  1.03027
13.89387  0.00000  1.03027
13.87981  0.00000  1.03027
13.86575  0.00000  1.03027
13.85168  0.00000  1.03027
13.83762  0.00000  1.03027
13.82356  0.00000  1.02539
13.80949  0.00000  1.06445
13.79543  0.00000  1.03027
13.78137  0.00000  1.02539
13.76731  0.00000  1.02051
13.75324  0.00000  1.03027
13.73918  0.00000  1.03027
13.72512  0.00000  1.03027
13.71105  0.00000  1.03027
13.69699  0.00000  1.02539
13.68293  0.00000  1.02539
13.66886  0.00000  1.03027
13.65480  0.00000  1.02539
13.64074  0.00000  1.03027
13.62668  0.00000  1.03027
13.61261  0.00000  1.03027
13.59855  0.00000  1.03027
13.58449  0.00000  1.03027
13.57042  0.00000  1.02539
13.55636  0.00000  1.02539
13.54230  0.00000  1.03027
13.52824  0.00000  1.02539
13.51417  0.00000  1.02539
13.50011  0.00000  1.02539
13.48605  0.00000  1.04492
13.47198  0.00000  1.02539
13.45792  0.00000  1.03516
13.44386  0.00000  1.02539
13.42980  0.00000  1.03027
13.41573  0.00000  1.03027
13.40167  0.00000  1.03027
13.38761  0.00000  1.03027
13.37354  0.00000  1.02539
13.35948  0.00000  1.03027
13.34542  0.00000  1.03516
13.33136  0.00000  1.03027
13.31729  0.00000  1.03027
13.30323  0.00000  1.03516
13.28917  0.00000  1.03027
13.27510  0.00000  1.03027
13.26104  0.00000  1.03516
13.24698  0.00000  1.04004
13.23292  0.00000  1.03027
13.21885  0.00000  1.03027
13.20479  0.00000  1.03027
13.19073  0.00000  1.02539
13.17666  0.00000  1.02539
13.16260  0.00000  1.03027
13.14854  0.00000  1.03027
13.13448  0.00000  1.03027
13.12041  0.00000  1.03027
13.10635  0.00000  1.03027
13.09229  0.00000  1.03027
13.07822  0.00000  1.03027
13.06416  0.00000  1.03027
13.05010  0.00000  1.03027
13.03604  0.00000  1.03027
13.02197  0.00000  1.02539
13.00791  0.00000  1.03516
12.99385  0.00000  1.03027
12.97978  0.00000  1.03516
12.96572  0.00000  1.02539
12.95166  0.00000  1.03027
12.93760  0.00000  1.03027
12.92353  0.00000  1.03516
12.90947  0.00000  1.03027
12.89541  0.00000  1.03027
12.88134  0.00000  1.03027
12.86728  0.00000  1.03027
12.85322  0.00000  1.03027
12.83915  0.00000  1.03027
12.82509  0.00000  1.03027
12.81103  0.00000  1.03516
12.79697  0.00000  1.03027
12.78290  0.00000  1.03027
12.76884  0.00000  1.03027
12.75478  0.00000  1.03027
12.74071  0.00000  1.03027
12.72665  0.00000  1.03516
12.71259  0.00000  1.03027
12.69853  0.00000  1.04980
12.68446  0.00000  1.03027
12.67040  0.00000  1.03027
12.65634  0.00000  1.02539
12.64227  0.00000  1.03027
12.62821  0.00000  1.03027
12.61415  0.00000  1.03027
12.60009  0.00000  1.03027
12.58602  0.00000  1.03516
12.57196  0.00000  1.03516
12.55790  0.00000  1.03027
12.54383  0.00000  1.03516
12.52977  0.00000  1.03027
12.51571  0.00000  1.03027
12.50165  0.00000  1.03516
12.48758  0.00000  1.03027
12.47352  0.00000  1.03516
12.45946  0.00000  1.03027
12.44539  0.00000  1.03027
12.43133  0.00000  1.03027
12.41727  0.00000  1.03027
12.40321  0.00000  1.03027
12.38914  0.00000  1.03027
12.37508  0.00000  1.03027
12.36102  0.00000  1.03027
12.34695  0.00000  1.02539
12.33289  0.00000  1.03516
12.31883  0.00000  1.03027
12.30477  0.00000  1.00586
12.29070  0.00000  1.03027
12.27664  0.00000  1.03027
12.26258  0.00000  1.03027
12.24851  0.00000  1.03027
12.23445  0.00000  1.04492
12.22039  0.00000  1.03027
12.20633  0.00000  1.03027
12.19226  0.00000  1.04004
12.17820  0.00000  1.02539
12.16414  0.00000  1.03027
12.15007  0.00000  1.03516
12.13601  0.00000  1.03027
12.12195  0.00000  1.03516
12.10789  0.00000  1.03027
12.09382  0.00000  1.03027
12.07976  0.00000  1.03027
12.06570  0.00000  1.03027
12.05163  0.00000  1.03516
12.03757  0.00000  1.03027
12.02351  0.00000  1.03027
12.00944  0.00000  1.02051
11.99538  0.00000  1.03027
11.98132  0.00000  1.03027
11.96726  0.00000  1.03027
11.95319  0.00000  1.03027
11.93913  0.00000  1.03516
11.92507  0.00000  1.03027
11.91100  0.00000  1.03516
11.89694  0.00000  1.03027
11.88288  0.00000  1.03027
11.86882  0.00000  1.03516
11.85475  0.00000  1.02539
11.84069  0.00000  1.03027
11.82663  0.00000  1.03027
11.81256  0.00000  1.03027
11.79850  0.00000  1.03027
11.78444  0.00000  1.03027
11.77038  0.00000  1.03516
11.75631  0.00000  1.03027
11.74225  0.00000  1.03516
11.72819  0.00000  1.04004
11.71412  0.00000  1.03027
11.70006  0.00000  1.03516
11.68600  0.00000  1.03027
11.67194  0.00000  1.03516
11.65787  0.00000  1.03027
11.64381  0.00000  1.03516
11.62975  0.00000  1.03027
11.61568  0.00000  1.03027
11.60162  0.00000  1.03516
11.58756  0.00000  1.03027
11.57350  0.00000  1.03027
11.55943  0.00000  1.01074
11.54537  0.00000  1.03027
11.53131  0.00000  1.03516
11.51724  0.00000  1.03516
11.50318  0.00000  1.03027
11.48912  0.00000  1.03027
11.47506  0.00000  1.02539
11.46099  0.00000  1.03516
11.44693  0.00000  1.02051
11.43287  0.00000  1.03027
11.41880  0.00000  1.02539
11.40474  0.00000  1.02539
11.39068  0.00000  1.03516
11.37662  0.00000  1.03516
11.36255  0.00000  1.03516
11.34849  0.00000  1.03027
11.33443  0.00000  1.01563
11.32036  0.00000  1.03027
11.30630  0.00000  1.03027
11.29224  0.00000  1.03027
11.27818  0.00000  1.03516
11.26411  0.00000  1.02539
11.25005  0.00000  1.03027
11.23599  0.00000  1.03516
11.22192  0.00000  1.03516
11.20786  0.00000  1.01074
11.19380  0.00000  1.03516
11.17973  0.00000  1.03027
11.16567  0.00000  1.03027
11.15161  0.00000  1.03027
11.13755  0.00000  1.02539
11.12348  0.00000  1.03027
11.10942  0.00000  1.03027
11.09536  0.00000  1.03027
11.08129  0.00000  1.02051
11.06723  0.00000  1.03027
11.05317  0.00000  1.03027
11.03911  0.00000  1.03516
11.02504  0.00000  1.03027
11.01098  0.00000  1.03027
10.99692  0.00000  1.03516
10.98285  0.00000  1.03027
10.96879  0.00000  1.03027
10.95473  0.00000  1.04004
10.94067  0.00000  1.03516
10.92660  0.00000  1.03516
10.91254  0.00000  1.03027
10.89848  0.00000  1.03027
10.88441  0.00000  1.03027
10.87035  0.00000  1.03516
10.85629  0.00000  1.03027
10.84223  0.00000  1.04004
10.82816  0.00000  1.03027
10.81410  0.00000  1.03516
10.80004  0.00000  1.02539
10.78597  0.00000  1.03027
10.77191  0.00000  1.03516
10.75785  0.00000  1.03516
10.74379  0.00000  1.03516
10.72972  0.00000  1.03516
10.71566  0.00000  1.02539
10.70160  0.00000  1.04004
10.68753  0.00000  1.03027
10.67347  0.00000  1.03516
10.65941  0.00000  1.03516
10.64535  0.00000  1.03516
10.63128  0.00000  1.03516
10.61722  0.00000  1.03027
10.60316  0.00000  1.03516
10.58909  0.00000  1.03027
10.57503  0.00000  1.03027
10.56097  0.00000  1.03516
10.54691  0.00000  1.03027
10.53284  0.00000  1.03516
10.51878  0.00000  1.03027
10.50472  0.00000  1.03027
10.49065  0.00000  1.03516
10.47659  0.00000  1.04004
10.46253  0.00000  1.03027
10.44847  0.00000  1.03516
10.43440  0.00000  1.03027
10.42034  0.00000  1.03027
10.40628  0.00000  1.03516
10.39221  0.00000  1.03027
10.37815  0.00000  1.03027
10.36409  0.00000  1.03516
10.35002  0.00000  1.03516
10.33596  0.00000  1.01563
10.32190  0.00000  1.03027
10.30784  0.00000  1.03027
10.29377  0.00000  1.03027
10.27971  0.00000  1.02539
10.26565  0.00000  1.03516
10.25158  0.00000  1.03516
10.23752  0.00000  1.03027
10.22346  0.00000  1.03516
10.20940  0.00000  1.03516
10.19533  0.00000  1.03516
10.18127  0.00000  1.03516
10.16721  0.00000  1.03516
10.15314  0.00000  1.03027
10.13908  0.00000  1.03027
10.12502  0.00000  1.03516
10.11096  0.00000  1.03516
10.09689  0.00000  1.03027
10.08283  0.00000  1.03027
10.06877  0.00000  1.05469
10.05470  0.00000  1.03516
10.04064  0.00000  1.03027
10.02658  0.00000  1.03516
10.01252  0.00000  1.03027
9.99845  0.00000  1.03027
9.98439  0.00000  1.05469
9.97033  0.00000  1.01074
9.95626  0.00000  1.03516
9.94220  0.00000  1.03027
9.92814  0.00000  1.03027
9.91408  0.00000  1.03516
9.90001  0.00000  1.03027
9.88595  0.00000  1.02539
9.87189  0.00000  1.03027
9.85782  0.00000  1.03027
9.84376  0.00000  1.03027
9.82970  0.00000  1.03027
9.81564  0.00000  1.03516
9.80157  0.00000  1.03516
